56868531890578
123456
56783609836263
123456
85897643568978
123456
09738679754797
123456
47357356883453
123456
45243456895463
123456
56424674224578
123456
97638365973648
123456
43245343668663
123456
34454367674382
123456
56283920385834
123456
32932784952935
123456
57393053547453
123456
23753298328456
123456
34718363245474
123456
87298432587692
123456
97557898533555
123456
29095673426341
123456
45678654342355
123456
86384538238420
123456
19001234567891
333333
19004601104188
123456
